-------------Complaints similarity---------------
1.0
0.835077152941012
0.9246801323470862
0.8959758607031337
0.8395325188842946
0.8622109066850939
0.835077152941012
1.0
0.8906698507861426
0.8145960252423514
0.9506982511773873
0.794650864741391
0.9246801323470862
0.8906698507861426
1.0
0.8905290296083102
0.88184634753742
0.8692563822438262
0.8959758607031337
0.8145960252423514
0.8905290296083102
1.0
0.8115092081609274
0.8775634120991097
0.8395325188842946
0.9506982511773873
0.88184634753742
0.8115092081609274
1.0
0.759590996735251
0.8622109066850939
0.794650864741391
0.8692563822438262
0.8775634120991097
0.759590996735251
1.0
-------------Recipes similarity---------------
1.0
0.9058970680531702
0.876188281410988
0.8921915020817676
0.9362321578026763
0.9077991339554589
0.9058970680531702
1.0
0.8960303314307113
0.8683352787585712
0.9251986105731227
0.9092774425049626
0.876188281410988
0.8960303314307113
1.0
0.8206932481018961
0.9234997668651656
0.9066167238062411
0.8921915020817676
0.8683352787585712
0.8206932481018961
1.0
0.8436152755971948
0.8890459175633189
0.9362321578026763
0.9251986105731227
0.9234997668651656
0.8436152755971948
1.0
0.8970581769256016
0.9077991339554589
0.9092774425049626
0.9066167238062411
0.8890459175633189
0.8970581769256016
1.0
-------------Recipes similarity---------------
0.7908974953781049
0.6548518295341987
0.739868093247277
0.7337805432695084
0.6703983067394562
0.7674085842432804
0.7580808759364783
0.5323926147261138
0.7114560945673947
0.7008472217256502
0.5443125901605878
0.7254376103761647
0.7884091841296552
0.5253234387230952
0.7214799557383781
0.6939841446376263
0.5243623425430298
0.7301757749509531
0.6633546838990971
0.4596805288222233
0.5643795549917598
0.6354896259101941
0.4868229640175464
0.6469779659916445
0.8458760451310995
0.6612351139999046
0.7954999302389468
0.7757727786024005
0.6793217450290933
0.792186712906417
0.7706409888372543
0.5407034497147122
0.6932683919739884
0.7135981756961652
0.549146532488016
0.711848559676016

Process finished with exit code 0